"CITING","CITED"
3858241,956203
3858241,1324234
3858241,3398406
3858241,3557384
3858241,3634889
3858242,1515701
3858242,3319261
3858242,3668705
3858242,3707004
3858243,2949611
3858243,3146465
3858243,3156927
3858243,3221341
3858243,3574238
3858243,3681785
3858243,3684611
3858244,14040
3858244,17445
3858244,2211676
3858244,2635670
3858244,2838924
3858244,2912700
3858245,2072303
3858245,3176316
3858245,3553737
3858245,3608095
3858245,3621837
3858245,3699969
3858245,3755824
3858246,3451067
3858246,3503079
3858246,3601877
3858247,1600859
3858247,2807431
3858247,3621837
3858247,3694819
3858247,3755824
3858248,2875449
3858248,3304558
3858248,3641592
3858248,3706104
3858249,3054117
3858249,3289214
3858249,3418664
3858249,3609772
3858249,3611446
3858249,3611447
3858249,3748663
3858250,2741776
3858250,2869141
3858250,2883675
3858250,3320622
3858250,3324482
3858250,3331084
3858250,3365730
3858250,3546715
3858251,1092080
3858251,1106732
3858251,3059597
3858251,3092049
3858251,3319588
3858251,3320907
3858251,3694825
3858252,1572275
3858252,1582881
3858252,1664491
3858252,2060100
3858252,2518060
3858252,3060453
3858252,3458874
3858252,3724760
3858253,2331472
3858253,2665963
3858253,2702225
3858253,2842777
3858253,3097369
3858254,2869143
3858254,2945241
3858254,3736601
3858255,2709817
3858255,2866982
3858255,3284812
3858255,3377635
3858256,2012755
3858256,2129225
3858256,3413665
3858256,3695690
3858257,2368930
3858257,2784132
3858257,3290704
3858257,3510888
3858257,3681796
3858258,1331793
3858258,1540798
3858259,3390168
3858260,2041616
3858260,2437135
3858260,2784424
3858260,2984846
3858260,2991750
3858260,3090973
3858260,3436095
3858260,3608111
3858260,3755838
3858261,3108623
3858261,3120012
3858261,3238540
3858262,3294139
3858262,3416492
3858262,3452714
3858262,3557750
3858262,3579684
3858262,3720533
3858263,3594838
3858263,3608118
3858264,3137017
3858264,3203002
3858264,3299456
3858264,3368229
3858264,3530488
3858264,3606627
3858265,2167296
3858265,3163943
3858265,3254355
3858265,3731335
3858266,842965
3858266,1342036
3858266,1838448
3858266,1971175
3858266,2423658
3858266,2677837
3858267,2817867
3858267,2896239
3858267,3626542
3858268,3045294
3858268,3314119
3858269,2599580
3858269,2726419
3858269,2926378
3858269,3528693
3858270,1274165
3858270,1377626
3858270,2425675
3858270,3187371
3858270,3261129
3858270,3582118
3858271,1012404
3858271,2169882
3858271,2495599
3858271,2803865
3858271,2885718
3858271,3186025
3858271,3345675
3858271,3445882
3858272,733470
3858272,1137078
3858272,2025946
3858272,2294197
3858272,2540919
3858272,3286446
3858273,2765243
3858273,2826500
3858273,2876062
3858273,3402068
3858273,3431162
3858274,2224232
3858274,3398487
3858274,3628845
3858274,3648327
3858275,1479503
3858275,2292141
3858275,2450511
3858275,2451504
3858275,2720005
3858275,2738556
3858275,2910652
3858275,2915790
3858275,3001718
3858275,3131364
3858275,3139595
3858276,466846
3858276,2879549
3858276,3120030
3858276,3387337
3858277,3685100
3858278,55828
3858278,2446021
3858278,2621372
3858278,2761179
3858278,3611507
3858279,2229003
3858279,2901801
3858279,3203058
3858279,3222745
3858280,1130716
3858280,1454857
3858280,1457550
3858280,1714684
3858280,2815971
3858280,2838266
3858280,3033016
3858281,777409
3858281,1315755
3858281,1963446
3858281,3744099
3858282,1959319
3858282,2756172
3858282,2787435
3858282,2909822
3858282,3638286
3858282,3790992
3858283,2154099
3858283,2157381
3858283,2267384
3858283,2273773
3858283,2784474
3858283,3583041
3858284,3602754
3858284,3602756
3858284,3778127
3858285,2724562
3858285,2727297
3858285,2907097
3858285,2955773
3858285,3545078
3858286,1477851
3858286,3286595
3858286,3354761
3858286,3509619
3858286,3555963
3858286,3650018
3858287,1687498
3858287,2005885
3858287,2312762
3858287,3475803
3858287,3613316
3858287,3693544
3858287,3757398
3858288,822723
3858288,2702216
3858288,3140130
3858289,2043931
3858289,2072984
3858289,3527087
3858289,3691641
3858289,3697865
3858289,3820386
3858290,1905944
3858290,1908074
3858290,2779565
3858290,3301527
3858290,3446480
3858290,3627443
3858290,3697192
3858291,1840417
3858291,2004151
3858291,2340853
3858291,2351425
3858291,2512748
3858291,3768550
3858292,3703954
3858293,3775825
3858294,3310865
3858294,3529341
3858294,3584362
3858295,3122826
3858295,3553813
3858295,3624888
3858296,3525147
3858296,3602972
3858296,3672026
3858296,3689976
3858297,2814859
3858297,3347083
3858297,3494014
3858297,3581379
3858298,1929245
3858298,2863346
3858298,2916812
3858298,3028987
3858298,3048212
3858298,3142113
3858298,3373474
3858298,3785050
3858299,3711931
3858299,3718965
3858300,1631889
3858300,2160395
3858300,2339897
3858301,2148213
3858301,3508319
3858301,3751785
3858302,2395374
3858302,3151510
3858302,3212369
3858302,3706241
3858302,3768143
3858302,3774478
3858303,2121606
3858303,2531440
3858303,2812275
3858303,3110102
3858303,3623921
3858303,3647730
3858304,3266127
3858304,3537921
3858304,3616380
3858304,3733527
3858305,1815194
3858305,2820107
3858305,3491436
3858306,3459603
3858306,3723190
3858307,3705312
3858308,2387073
3858308,3531670
3858308,3564705
3858308,3655463
3858309,3084420
3858309,3360668
3858309,3623220
3858309,3698079
3858310,3106703
3858310,3134163
3858310,3168778
3858310,3310865
3858310,3460245
3858311,2199198
3858311,2282854
3858311,2671951
3858311,2972724
3858311,3137047
3858311,3186067
3858311,3401431
3858311,3496967
3858312,2399631
3858312,2400008
3858312,3046509
3858312,3063136
3858312,3202950
3858312,3443136
3858313,2592936
3858313,2968094
3858313,3060566
3858313,3315352
3858313,3688398
3858313,3688400
3858313,3689998
3858314,2130311
3858315,2019475
3858315,2713201
3858315,3262206
3858315,3783510
3858315,3786563
3858316,2245420
3858316,2280836
3858316,2289323
3858316,2618055
3858316,3740843
3858317,766725
3858317,2329729
3858317,2973576
3858317,3449992
3858317,3805383
3858318,1108748
3858318,2045884
3858318,2394884
3858318,2532770
3858318,2584231
3858318,2591925
3858318,2691817
3858318,2836882
3858318,3110093
3858318,3174214
3858318,3555674
3858319,2640793
3858319,2781577
3858319,2817893
3858319,2867037
3858319,3008230
3858319,3066405
3858320,689778
3858320,830016
3858320,1501020
3858320,2436507
3858321,1781098
3858321,2334257
3858321,2714760
3858321,2811342
3858321,2962812
3858321,3064399
3858321,3081661
3858321,3094751
3858321,3336970
3858321,3416578
3858321,3744363
3858322,2127285
3858322,2635338
3858323,1838982
3858323,3218109
3858323,3229369
3858324,951472
3858324,1755152
3858324,1899775
3858324,2143426
3858324,2423786
3858324,2543998
3858324,3308543
3858325,447475
3858325,2528431
3858325,2728145
3858325,2830380
3858325,3218724
3858326,34608
3858326,129311
3858326,1323148
3858326,1336010
3858326,1864832
3858326,1936846
3858326,3392450
3858327,1662836
3858327,2431087
3858327,3205587
3858327,3210988
3858327,3583815
3858328,1811300
3858328,2098564
3858328,2380932
3858328,2468554
3858328,2631455
3858328,2888752
3858329,3434220
3858330,3022581
3858330,3121000
3858331,2707838
3858331,2834122
3858331,3626602
3858331,3724096
3858332,205960
3858332,3190013
3858332,3204343
3858332,3208162
3858332,3229388
3858333,1584316
3858333,1693711
3858333,2491883
3858334,497917
3858334,531060
3858334,1873595
3858334,2921386
3858334,3290799
3858334,3673710
3858335,1185538
3858335,3038597
3858335,3316669
3858336,1811781
3858336,2958963
3858336,3313047
3858337,3333353
3858337,3810318
3858338,2173406
3858338,2663952
3858338,3111777
3858338,3243903
3858339,311220
3858339,1346053
3858339,1702700
3858339,2087432
3858339,2106335
3858339,2169409
3858339,2266724
3858340,286736
3858340,2586176
3858340,2779116
3858340,2994298
3858340,3000113
3858340,3445151
3858340,3466126
3858340,3503496
3858341,3137082
3858341,3187320
3858341,3210876
3858341,3261013
3858341,3675242
3858341,3739512
3858342,732540
3858342,1126294
3858342,2107034
3858342,2196136
3858342,2359517
3858343,1457373
3858343,1566812
3858343,2086008
3858343,2323096
3858343,2814151
3858343,2851815
3858343,3341966
3858343,3670446
3858344,2563386
3858344,2594981
3858345,2447105
3858345,3739518
3858346,2996553
3858346,3070495
3858346,3220921
3858347,1896175
3858347,2526371
3858347,3053533
3858348,1384972
3858348,3287846
3858348,3717949
3858348,3724121
3858349,1486463
3858349,2366652
3858349,2637139
3858349,3273281
3858350,2475318
3858350,2814907
3858351,2781611
3858351,2959891
3858351,3571947
3858352,2945321
3858352,3005283
3858352,3063192
3858352,3383795
3858352,3490170
3858352,3583093
3858352,3745696
3858353,2310037
3858353,3648405
3858353,3660931
3858354,2053031
3858354,3022604
3858354,3359681
3858355,1700121
3858355,2532857
3858355,2722170
3858355,2987330
3858355,3203033
3858355,3606404
3858356,3060525
3858356,3065507
3858356,3258876
3858356,3388500
3858357,3091818
3858357,3147562
3858357,3263359
3858357,3295589
3858358,1814616
3858358,2290979
3858358,2325517
3858358,2387193
3858358,2641087
3858358,2696049
3858358,3201901
3858359,1326561
3858359,2064344
3858359,2181487
3858359,2677461
3858359,2684558
3858359,3004279
3858359,3007191
3858359,3380196
3858359,3691689
3858359,3756377
3858360,554300
3858360,2261565
3858360,2665035
3858360,3631631
3858361,1923020
3858361,2859567
3858361,2906064
3858361,2907151
3858361,3129535
3858361,3566546
3858361,3701219
3858362,828894
3858362,1254071
3858362,2359594
3858362,2722092
3858363,1816494
3858363,2084138
3858363,2826872
3858363,3274736
3858363,3550322
3858364,2256104
3858364,2307899
3858364,2634832
3858364,2668342
3858364,3245187
3858364,3282012
3858364,3486579
3858364,3555754
3858364,3650078
3858364,3762110
3858365,1962481
3858365,3163971
3858365,3324621
3858365,3553924
3858365,3676980
3858366,2606406
3858366,3528200
3858367,3065579
3858368,170178
3858368,456208
3858368,1837938
3858368,2017881
3858368,3213642
3858369,773612
3858369,933962
3858369,2454777
3858369,2976649
3858370,2317428
3858370,2459953
3858370,2651483
3858370,2921464
3858370,3279729
3858371,3258885
3858372,668720
3858372,1272131
3858372,2810941
3858372,3054153
3858372,3114176
3858372,3183560
3858372,3255556
3858372,3277620
3858372,3512324
3858373,411683
3858373,3062337
3858373,3320708
3858373,3462906
3858374,596217
3858374,1090171
3858374,2198985
3858374,2258560
3858374,3158236
3858374,3355852
3858374,3550339
3858375,852450
3858375,1268032
3858375,1836980
3858375,2174441
3858375,2949981
3858375,2976970
3858375,3001245
3858375,3147518
3858375,3205630
3858375,3314201
3858375,3362123
3858375,3488906
3858375,3570182
3858375,3638372
3858375,3734550
3858376,1369794
3858376,1420220
3858376,1465653
3858376,1477520
3858376,1708462
3858376,1732243
3858376,2043445
3858376,2140998
3858377,1962826
3858377,3377756
3858377,3398499
3858377,3436885
3858377,3449877
3858377,3574985
3858377,3719014
3858378,1562533
3858378,2163409
3858378,2175916
3858378,2335376
3858378,2449759
3858378,2508063
3858378,2569665
3858378,2651144
3858378,2663812
3858378,2707850
3858378,2756361
3858378,2951167
3858378,3302961
3858379,2340866
3858379,3190843
3858379,3220960
3858379,3308491
3858379,3548420
3858379,3721232
3858380,3230687
3858380,3457695
3858380,3492783
3858380,3513622
3858381,2746221
3858381,3105337
3858381,3410053
3858381,3423900
3858381,3698151
3858382,1794517
3858382,2045678
3858382,2069266
3858382,2790591
3858382,3044233
3858382,3100569
3858382,3468100
3858382,3646723
3858383,2672002
3858383,2926478
3858383,3034275
3858383,3350864
3858384,2318291
3858384,2647353
3858384,2716321
3858384,3271940
3858384,3600876
3858385,3077311
3858385,3455095
3858385,3478504
3858385,3540200
3858385,3540201
3858385,3640059
3858386,3342027
3858386,3365875
3858386,3419060
3858386,3664114
3858386,3670489
3858387,3184436
3858387,3418199
3858387,3560448
3858387,3608299
3858387,3696074
3858388,3688492
3858388,3744238
3858388,3817025
3858389,2786326
3858389,3462943
3858389,3577876
3858389,3638418
3858389,3733804
3858390,3181295
3858390,3252686
3858390,3621657
3858390,3777479
3858390,3777482
3858391,2886015
3858391,2962597
3858391,3310937
3858391,3440433
3858391,3443112
3858391,3691759
3858392,2589703
3858392,2912902
3858392,3092525
3858392,3102833
3858392,3106131
3858392,3199289
3858392,3299812
3858392,3754060
3858393,2892312
3858393,2936712
3858393,3444689
3858393,3470694
3858394,2274232
3858394,3383092
3858394,3401676
3858394,3710569
3858394,3809020
3858395,3048982
3858395,3358451
3858395,3686867
3858395,3716990
3858396,3160076
3858396,3481251
3858397,1917154
3858397,2461449
3858397,2930197
3858397,2994200
3858397,3140986
3858397,3278234
3858397,3284137
3858397,3348883
3858397,3410604
3858397,3421794
3858397,3432205
3858397,3449247
3858397,3470943
3858397,3552128
3858398,1293693
3858398,1435144
3858398,3020965
3858398,3478524
3858398,3608317
3858399,2397382
3858399,2922283
3858399,3140858
3858399,3212270
3858399,3543522
3858399,3750410
3858400,495036
3858400,1023526
3858400,1474808
3858400,1534968
3858400,1876205
3858400,2187223
3858400,3300938
3858400,3381479
3858400,3389560
3858400,3638434
3858400,3712825
3858401,3017934
3858401,3359741
3858401,3738434
3858402,2187871
3858402,3535884
3858402,3541588
3858402,3592155
3858402,3667240
3858402,3708987
3858402,3720066
3858403,2522787
3858403,2741899
3858403,3229470
3858403,3460373
3858404,2756765
3858404,2964916
3858404,3097496
3858404,3262280
3858404,3555483
3858405,2495350
3858405,2902838
3858405,3315487
3858405,3719058
3858406,2155516
3858406,2642724
3858406,3242687
3858406,3785554
3858407,2504184
3858407,3214932
3858407,3525234
3858407,3626715
3858407,3798921
3858407,3810366
3858408,1963565
3858408,2010259
3858408,2054460
3858408,2139244
3858408,2398035
3858408,2500679
3858408,3008306
3858409,2449824
3858409,3405986
3858409,3674359
3858410,1723630
3858410,2187387
3858410,2203591
3858410,2492479
3858410,2664716
3858411,607854
3858411,1223924
3858411,1304103
3858411,1648624
3858411,2304766
3858412,1483865
3858412,2239192
3858412,2354961
3858412,2841161
3858412,3028924
3858412,3055390
3858412,3403696
3858413,1483560
3858413,2209855
3858413,2439569
3858413,3353374
3858415,3668904
3858415,3780541
3858415,3781523
3858416,3324685
3858416,3327499
3858416,3680753
3858416,3781532
3858417,3036449
3858417,3108462
3858417,3159015
3858417,3550403
3858417,3668900
3858417,3738123
3858417,3745794
3858418,1642577
3858418,2039490
3858418,2313225
3858418,2797530
3858418,3267830
3858418,3295252
3858418,3354922
3858419,786586
3858419,1662612
3858420,16749
3858420,904860
3858420,3001392
3858421,1042477
3858421,1492076
3858421,3263321
3858421,3606779
3858422,3252312
3858422,3438125
3858422,3555866
3858422,3557590
3858422,3566647
3858422,3575025
3858422,3654788
3858423,873997
3858423,2709934
3858423,2710550
3858423,3143009
3858423,3167980
3858423,3301032
3858424,1071846
3858424,2601793
3858424,3076360
3858424,3147648
3858424,3169423
3858424,3461704
3858425,1382309
3858425,2987096
3858425,3435649
3858425,3492850
3858426,2741363
3858426,2887224
3858426,3731519
3858426,3748885
3858427,1610982
3858427,1702378
3858427,1766217
3858427,1807824
3858427,2700407
3858427,3316787
3858428,1956818
3858428,2471486
3858428,2742076
3858428,2804681
3858428,2851770
3858428,3119289
3858428,3561099
3858428,3588980
3858428,3628226
3858429,696068
3858429,747749
3858429,2887145
3858429,3051216
3858429,3324703
3858429,3472058
3858430,2132148
3858430,3543560
3858430,3559449
3858431,1326511
3858431,1571622
3858431,1758451
3858431,1977423
3858431,3168034
3858431,3307830
3858432,1437024
3858432,1827558
3858432,1883513
3858432,1960166
3858432,2102842
3858432,2652770
3858432,3030879
3858432,3130699
3858432,3301611
3858432,3464654
3858432,3493273
3858432,3549216
3858432,3557600
3858432,3590624
3858432,3727442
3858433,3059471
3858433,3473382
3858434,2484217
3858434,2824789
3858434,3476516
3858434,3507146
3858434,3552930
3858435,3400650
3858435,3468781
3858435,3589171
3858435,3690835
3858435,3701632
3858436,3464263
3858436,3584500
3858436,3662593
3858437,2847853
3858437,3024644
3858437,3140600
3858437,3190111
3858437,3712119
3858438,3354700
3858438,3427868
3858439,3505597
3858439,3713127
3858439,3822586
3858440,3248923
3858440,3315202
3858440,3482121
3858440,3612966
3858440,3719862
3858441,2957341
3858441,3270469
3858441,3442122
3858441,3442123
3858441,3772911
3858442,213525
3858442,642978
3858442,1937115
3858442,2187345
3858442,3193035
3858442,3533284
3858442,3537301
3858442,3564911
3858442,3572102
3858442,3580060
3858443,2385005
3858443,3538763
3858443,3595074
3858444,3385136
3858444,3596718
3858444,3613853
3858444,3710874
3858445,2441894
3858445,3452592
3858446,3588720
3858446,3654564
3858446,3699462
3858446,3762221
3858447,1747536
3858447,2526635
3858447,3392579
3858448,3388595
3858449,2811041
3858449,3096653
3858449,3747411
3858450,3327535
3858450,3376751
3858450,3419358
3858450,3479880
3858450,3489525
3858450,3530721
3858451,3148456
3858452,3051014
3858452,3069151
3858452,3220718
3858452,3235246
3858453,583825
3858453,662077
3858453,671495
3858453,912131
3858453,918934
3858453,1170877
3858454,2934199
3858454,3016757
3858454,3394608
3858455,679365
3858455,1987006
3858455,2292303
3858455,3675508
3858456,974502
3858456,2099594
3858456,2715051
3858456,3073278
3858456,3130599
3858456,3417634
3858456,3511105
3858456,3647011
3858457,2706020
3858458,1522596
3858458,1553767
3858458,2657591
3858458,3348851
3858458,3523599
3858459,2691901
3858459,2950629
3858459,2978928
3858459,3096666
3858459,3293934
3858459,3638771
3858459,3691872
3858460,3128642
3858460,3352392
3858460,3799304
3858461,1383047
3858461,2223768
3858461,3016600
3858461,3166957
3858461,3216286
3858461,3290917
3858462,228233
3858462,461649
3858462,598711
3858462,1152111
3858462,2289267
3858462,3442163
3858462,3548689
3858463,506261
3858463,2043546
3858463,2978072
3858463,3259365
3858464,564513
3858464,717400
3858464,956259
3858464,1391898
3858464,1573409
3858464,1954141
3858464,3757614
3858465,885596
3858465,1120751
3858465,2696134
3858466,584814
3858466,618859
3858466,637375
3858467,2855814
3858467,2879681
3858467,3717054
3858468,1453176
3858468,3608809
3858468,3698267
3858469,1670317
3858469,3052146
3858470,1082926
3858470,2151377
3858470,2506117
3858470,3349822
3858471,1241255
3858471,3090261
3858471,3094015
3858471,3127661
3858471,3253484
3858471,3785235
3858472,2355082
3858472,3074565
3858472,3473357
3858472,3726166
3858473,1843208
3858473,2639025
3858473,3304820
3858473,3347121
3858473,3497056
3858473,3642120
3858473,3666085
3858474,3757618
3858474,3768101
3858475,813743
3858475,1589207
3858475,1609093
3858475,2222528
3858475,3056325
3858475,3137192
3858475,3648557
3858475,3791246
3858476,2776610
3858476,2957379
3858476,3138985
3858476,3199392
3858476,3456540
3858476,3744360
3858477,1173784
3858477,1369268
3858477,1772670
3858478,376791
3858478,2724116
3858478,2761348
3858478,2855817
3858478,3208330
3858478,3320845
3858478,3408891
3858479,2562336
3858479,2625071
3858479,3227031
3858479,3303736
3858479,3453927
3858479,3463046
3858479,3653294
3858479,3667340
3858480,474120
3858480,518775
3858480,812049
3858480,2122396
3858480,3435722
3858481,2503491
3858481,2656637
3858481,2916970
3858481,3367055
3858481,3665804
3858482,1148065
3858482,2276945
3858483,2642809
3858483,2847938
3858483,3040672
3858483,3094078
3858483,3177666
3858483,3199461
3858483,3208397
3858483,3289606
3858484,1876104
3858484,2260979
3858484,2372710
3858484,2613649
3858484,3732027
3858485,3357451
3858485,3426649
3858485,3452397
3858485,3483798
3858486,2381741
3858486,2712794
3858486,2895426
3858486,2972962
3858486,3068805
3858486,3086477
3858486,3136263
3858486,3270685
3858486,3295459
3858486,3353493
3858486,3398698
3858486,3470825
3858487,2155455
3858487,2292181
3858487,2528739
3858487,2815718
3858487,2821145
3858487,3046950
3858487,3073254
3858487,3142262
3858487,3153987
3858487,3228346
3858487,3255706
3858487,3366017
3858487,3554095
3858488,3485537
3858488,3576152
3858488,3712181
3858488,3717072
3858489,2196440
3858489,2832270
3858489,3125007
3858489,3354796
3858489,3590700
3858489,3611885
3858490,2853296
3858490,3420037
3858490,3613525
3858490,3680854
3858490,3783752
3858491,2152447
3858491,2996971
3858491,3091423
3858491,3313226
3858491,3591980
3858491,3685428
3858491,3706165
3858491,3718081
3858492,3097145
3858492,3348952
3858492,3607655
3858493,1901611
3858493,1953291
3858493,2285930
3858494,1115872
3858494,1486064
3858494,3135189
3858495,872837
3858495,958857
3858495,2244935
3858495,2649852
3858495,2939384
3858495,3232439
3858495,3297166
3858495,3393822
3858495,3590726
3858496,1101730
3858496,1299135
3858496,1706491
3858496,2175324
3858496,2257408
3858496,2744635
3858496,3563160
3858497,625739
3858497,2179742
3858497,2714861
3858497,2835920
3858497,2868141
3858497,3656517
3858498,3222035
3858499,3062737
3858499,3230860
3858499,3755915
3858500,2130610
3858500,2199876
3858500,2270007
3858500,2428157
3858500,2602479
3858500,2937678
3858500,3183955
3858501,2707503
3858501,2740439
3858501,2812793
3858501,3435863
3858501,3621898
3858502,3747512
3858503,3269300
3858503,3368323
3858503,3397105
3858503,3470814
3858503,3494280
3858503,3577910
3858503,3749622
3858503,3771436
3858504,72573
3858504,500490
3858504,1852055
3858504,3288177
3858504,3554117
3858504,3608476
3858505,43095
3858505,1493335
3858505,2146158
3858505,2356122
3858505,3357345
3858506,3223033
3858506,3309987
3858506,3318430
3858506,3413922
3858506,3515060
3858506,3709144
3858507,3304860
3858507,3556004
3858507,3565001
3858507,3599565
3858507,3608482
3858508,3431841
3858508,3521560
3858508,3577916
3858508,3702586
3858509,3172353
3858509,3286807
3858509,3314360
3858509,3333089
3858509,3349885
3858509,3465217
3858509,3623587
3858509,3677387
3858509,3712212
3858509,3713523
3858509,3723824
3858510,3556791
3858510,3616370
3858510,3677920
3858510,3695877
3858511,1674426
3858511,1954550
3858511,1966121
3858511,2050950
3858511,2103617
3858511,2211910
3858511,2748699
3858511,2768578
3858511,2990000
3858511,3017830
3858511,3110255
3858511,3195458
3858511,3335663
3858511,3416447
3858511,3424085
3858511,3470817
3858511,3696744
3858511,3750572
3858511,3791295
3858512,1345300
3858512,2320239
3858512,3017830
3858512,3154012
3858512,3168040
3858512,3685445
3858513,2021894
3858513,3490367
3858513,3664260
3858513,3731624
3858514,2633796
3858514,2848088
3858514,2901374
3858514,2932278
3858514,2999275
3858514,3045587
3858514,3124725
3858514,3254626
3858514,3299806
3858514,3310421
3858514,3333334
3858514,3341854
3858514,3484318
3858514,3496304
3858514,3526191
3858514,3530794
3858514,3608488
3858514,3615993
3858514,3641585
3858514,3643629
3858514,3653066
3858514,3662395
3858514,3714664
3858515,1182488
3858515,1230933
3858515,1687341
3858515,2737888
3858516,2472366
3858516,2485887
3858516,2487789
3858516,2511872
3858517,895256
3858517,2742288
3858517,3291486
3858517,3473483
3858517,3690265
3858518,2745542
3858518,3590743
3858518,3610160
3858518,3626857
3858518,3631806
3858519,2916792
3858520,496329
3858520,692137
3858520,2923254
3858520,3252428
3858520,3712237
3858520,3717102
3858521,3470828
3858521,3589300
3858521,3644762
3858521,3662689
3858521,3736880
3858523,3338182
3858523,3724584
3858524,376365
3858524,912005
3858524,1334896
3858525,1386589
3858525,1840351
3858525,2501307
3858525,2699732
3858525,2976819
3858525,3014433
3858525,3135224
3858525,3152558
3858525,3443527
3858525,3468389
3858525,3516365
3858526,3590549
3858526,3626654
3858526,3746160
3858527,924225
3858527,2444326
3858527,2705120
3858527,2967080
3858527,3602157
3858527,3638586
3858527,3699902
3858528,2875008
3858528,3053598
3858528,3342147
3858528,3347186
3858528,3512857
3858528,3513985
3858528,3533362
3858528,3688419
3858528,3698104
3858528,3741852
3858529,1623575
3858529,1732113
3858529,2373722
3858529,2600922
3858529,3004745
3858529,3170415
3858529,3236389
3858529,3646896
3858529,3709086
3858530,1460928
3858530,1667913
3858530,1854777
3858530,2099657
3858530,2407721
3858530,2939589
3858530,3065860
3858530,3102616
3858530,3341160
3858530,3523508
3858530,3544185
3858531,963883
3858531,1468991
3858531,1730745
3858531,1760604
3858531,1805759
3858531,2010877
3858531,2758296
3858532,3604375
3858532,3780674
3858533,2811937
3858533,3538865
3858533,3645218
3858533,3651771
3858533,3707128
3858533,3749031
3858534,2537467
3858534,3412696
3858534,3570421
3858534,3648629
3858534,3747542
3858535,3141426
3858535,3367769
3858535,3521581
3858535,3552333
3858535,3697256
3858536,2739550
3858536,3125046
3858536,3182618
3858536,3246618
3858537,752213
3858537,1441575
3858537,1878915
3858537,1924378
3858538,2586936
3858539,3024751
3858539,3511199
3858539,3511201
3858539,3716008
3858539,3726243
3858539,3735718
3858540,2025750
3858540,2682850
3858540,2950697
3858540,3319330
3858540,3407640
3858540,3422525
3858541,1357473
3858541,2747536
3858541,2987024
3858541,3019755
3858541,3126855
3858541,3152569
3858541,3173160
3858541,3216388
3858541,3347201
3858541,3411169
3858541,3630163
3858541,3659546
3858542,302517
3858542,1859178
3858542,2577917
3858542,2793870
3858542,3455261
3858543,2641215
3858543,2789526
3858543,2840029
3858543,3120830
3858544,2533191
3858544,3136649
3858545,1153585
3858545,2182068
3858545,3137591
3858545,3710754
3858546,1743275
3858546,2081888
3858546,2320529
3858546,3596633
3858547,2351537
3858547,3023727
3858547,3128205
3858547,3486237
3858547,3636917
3858548,2738762
3858548,3089788
3858548,3208888
3858548,3235418
3858548,3658585
3858549,2897329
3858549,3108073
3858549,3141848
3858549,3558376
3858550,3669064
3858550,3669067
3858550,3695219
3858551,411504
3858551,1537117
3858551,2025467
3858551,2157875
3858551,2701546
3858551,3435835
3858551,3551219
3858551,3606986
3858552,221939
3858552,2303088
3858552,2373638
3858552,2602415
3858552,3230105
3858552,3351289
3858553,553547
3858553,2042559
3858553,3589336
3858553,3632431
3858553,3692592
3858553,3783825
3858553,3791344
3858553,3804060
3858553,3827399
3858554,3601095
3858554,3685034
3858555,2712677
3858555,3105462
3858555,3541994
3858556,2312223
3858556,2386842
3858556,2754807
3858556,3604400
3858556,3608525
3858557,1636486
3858557,2791881
3858557,3139722
3858558,3255737
3858558,3766893
3858558,3780707
3858558,3805747
3858559,54581
3858559,986116
3858559,1050300
3858559,1953378
3858559,1996875
3858559,2193178
3858559,2367326
3858559,2461757
3858559,2864346
3858560,957631
3858561,3612013
3858561,3623459
3858561,3689753
3858561,3696303
3858561,3780587
3858561,3780711
3858562,2573989
3858562,3257998
3858562,3444335
3858562,3487817
3858563,3356082
3858563,3704699
3858564,2259480
3858564,3625190
3858564,3780715
3858565,3444847
3858565,3714933
3858565,3726512
3858565,3744715
3858565,3744716
3858565,3801078
3858566,2374685
3858566,2723655
3858566,2848987
3858566,2942599
3858566,3127884
3858566,3306277
3858566,3375814
3858566,3465740
3858566,3518979
3858567,402982
3858567,835150
3858567,1485979
3858567,2758592
3858567,2816539
3858567,2835245
3858567,2997042
3858567,3420221
3858568,2622583
3858568,2739584
3858568,3205884
3858568,3322111
3858569,2283355
3858569,3335753
3858569,3589271
3858569,3719308
3858570,899103
3858570,926304
3858570,1031052
3858570,1510557
3858570,1882093
3858570,2600240
3858570,2848783
3858570,2888162
3858570,3187744
3858570,3190711
3858570,3345985
3858570,3464388
3858570,3529590
3858570,3698397
3858571,3042030
3858571,3404682
3858571,3422813
3858571,3463141
3858571,3467090
3858571,3472231
3858571,3675642
3858571,3680542
3858571,3768102
3858572,2337347
3858572,3407817
3858572,3481323
3858572,3642005
3858572,3709222
3858572,3731679
3858573,1685557
3858573,2795223
3858573,3306283
3858573,3343529
3858574,3228391
3858574,3556084
3858574,3572322
3858574,3599628
3858574,3608545
3858574,3646931
3858574,3661147
3858574,3717140
3858575,1585104
3858575,1805471
3858575,2580628
3858576,3495584
3858576,3561428
3858576,3776228
3858577,3456641
3858577,3467098
3858577,3471215
3858577,3769963
3858578,205069
3858578,1276117
3858578,1279803
3858578,1460697
3858578,2334841
3858578,3542015
3858578,3638973
3858578,3643655
3858579,718594
3858579,1611811
3858579,1728368
3858580,2111985
3858580,2232978
3858580,2377274
3858580,2610628
3858580,3467097
3858580,3494359
3858580,3670728
3858581,2602446
3858581,2627270
3858581,3091239
3858581,3631847
3858581,3701345
3858582,498760
3858582,2589426
3858582,3090383
3858582,3254449
3858582,3542023
3858582,3659602
3858582,3696806
3858583,2517482
3858583,3507277
3858583,3635219
3858583,3669113
3858583,3807400
3858584,297274
3858584,1052218
3858584,3212500
3858584,3316911
3858584,3804093
3858585,2486805
3858585,2952259
3858585,2952260
3858585,3005456
3858585,3525735
3858585,3589364
3858585,3731686
3858586,1945327
3858586,2008526
3858586,2022065
3858586,2047535
3858586,2102270
3858586,2382109
3858586,3163165
3858586,3294085
3858586,3357433
3858587,1507263
3858587,1669843
3858587,2494776
3858587,2786471
3858587,2820462
3858587,2888935
3858587,2911979
3858587,3251365
3858587,3324861
3858587,3368566
3858587,3674036
3858588,2076521
3858588,2654371
3858588,3173429
3858588,3706315
3858589,2248533
3858589,2749922
3858590,182102
3858590,205576
3858590,549161
3858590,649848
3858590,1539706
3858590,2849007
3858590,3179954
3858591,170497
3858591,1450259
3858591,2736325
3858591,3561457
3858591,3678942
3858592,617406
3858592,1106315
3858592,1435160
3858592,1651898
3858592,1944502
3858592,2145462
3858593,438903
3858593,520881
3858593,2329169
3858593,3232296
3858593,3515147
3858594,1233687
3858594,1260011
3858594,1700550
3858594,3747611
3858595,2644473
3858595,3014488
3858595,3279481
3858595,3760825
3858596,1157314
3858596,1209997
3858596,1332642
3858596,2197279
3858597,3675252
3858597,3815160
3858598,1788429
3858598,2984251
3858598,3113582
3858598,3690115
3858598,3726307
3858599,2329368
3858599,2600187
3858599,2665710
3858599,2730326
3858599,3017896
3858599,3063466
3858599,3070116
3858599,3158170
3858599,3491788
3858599,3566905
3858600,1001069
3858600,1203153
3858600,2675829
3858600,3712646
3858601,325590
3858601,422583
3858601,800740
3858601,875264
3858601,1393987
3858601,1920545
3858601,1928279
3858601,3186737
3858601,3281080
3858602,579513
3858602,2988099
3858602,3104678
3858602,3404703
3858603,584278
3858603,601472
3858603,1435331
3858603,1851084
3858603,3620240
3858603,3722544
3858604,586618
3858604,1926565
3858604,2508615
3858604,2956582
3858604,3445863
3858604,3565106
3858604,3572375
3858605,2798505
3858605,3823735
3858606,3347259
3858606,3677298
3858606,3757818
3858607,2682386
3858607,2897836
3858607,2904068
3858607,2969218
3858607,2980139
3858607,3038499
3858607,3126915
3858607,3272218
3858607,3331583
3858607,3415282
3858607,3701599
3858608,2291563
3858608,2793900
3858608,3642020
3858609,3546077
3858610,2937052
3858610,2985490
3858610,3115371
3858610,3181917
3858610,3752190
3858611,2783946
3858611,3275035
3858611,3439711
3858612,380082
3858612,590584
3858612,2078003
3858613,1708657
3858613,2732864
3858613,2745438
3858613,3023995
3858613,3473640
3858614,928265
3858614,2862367
3858614,3496964
3858614,3757826
3858615,3122171
3858616,3559693
3858617,2360830
3858617,2653887
3858617,2703109
3858617,2748805
3858617,2854031
3858617,3080893
3858617,3323962
3858617,3438401
3858618,359222
3858618,1630895
3858618,1838242
3858618,2193036
3858618,2564602
3858618,2787289
3858618,3014501
3858618,3374013
3858619,2351513
3858619,2705022
3858620,223332
3858620,665224
3858620,1839994
3858620,3785559
3858621,3378042
3858621,3735783
3858622,3172430
3858622,3597300
3858623,1927498
3858623,2755047
3858623,2903021
3858623,3032441
3858623,3139119
3858623,3143150
3858623,3159530
3858623,3211606
3858623,3327866
3858623,3335986
3858623,3421230
3858623,3473576
3858623,3477477
3858623,3603354
3858624,1397316
3858624,1995916
3858624,2085957
3858625,2048374
3858625,2146104
3858625,2156062
3858625,3114399
3858625,3129728
3858626,2619916
3858626,3118393
3858626,3120761
3858626,3696890
3858627,2466769
3858627,2526286
3858627,2937856
3858627,3581649
3858627,3590918
3858628,3322219
3858629,585264
3858629,1256065
3858629,2918095
3858629,2947330
3858630,877894
3858630,1647969
3858630,3211061
3858630,3233887
3858630,3495636
3858630,3543636
3858631,208323
3858631,1295875
3858631,2169394
3858631,2897859
3858631,3120303
3858632,2686530
3858632,2985552
3858633,3586086
3858633,3645314
3858633,3675700
3858634,1292298
3858634,2820502
3858634,2918960
3858635,2226938
3858635,2387335
3858635,2563113
3858635,2746135
3858635,2792868
3858635,2895192
3858635,2939207
3858635,3072499
3858635,3355265
3858635,3642523
3858636,3140947
3858636,3388029
3858637,1416094
3858637,3038528
3858637,3522832
3858638,1860648
3858638,2120986
3858638,2724155
3858638,3289738
3858639,365584
3858639,1476069
3858639,2317574
3858639,2783509
3858639,3589431
3858639,3695339
3858640,2625719
3858640,2825945
3858640,2966709
3858640,3342250
3858641,1645730
3858641,2471683
3858641,2782476
3858641,3204301
3858641,3318370
3858641,3381742
3858641,3538981
3858641,3598169
3858642,993904
3858642,1082287
3858643,3131967
3858643,3295886
3858643,3444922
3858643,3745305
3858644,608377
3858644,1190777
3858644,1519812
3858644,1671373
3858644,1691598
3858644,1966787
3858644,2142307
3858644,2225398
3858644,2252256
3858644,2415621
3858644,2544490
3858644,2664961
3858644,2668523
3858644,3144859
3858644,3508517
3858644,3675424
3858645,2501960
3858645,3254942
3858645,3315737
3858645,3737626
3858646,1046842
3858646,1852490
3858646,2990162
3858646,3335790
3858646,3526274
3858647,2171790
3858647,2516586
3858647,2653362
3858647,2734259
3858647,2867417
3858647,3138658
3858648,3167127
3858648,3191682
3858648,3211226
3858648,3288218
3858648,3381752
3858648,3548936
3858648,3714984
3858648,3731740
3858648,3779314
3858648,3804164
3858649,3456726
3858649,3643505
3858649,3646995
3858649,3664415
3858649,3741305
3858649,3823773
3858649,3824850
3858650,3078923
3858650,3696868
3858650,3763932
3858651,1293777
3858651,1400951
3858651,1898074
3858651,2694791
3858651,2945540
3858651,3092182
3858651,3114422
3858651,3366188
3858651,3448373
3858651,3555689
3858651,3707195
3858652,3613786
3858652,3679000
3858653,2881840
3858653,3087550
3858653,3120271
3858653,3162246
3858653,3268008
3858653,3357494
3858654,2288857
3858654,2341500
3858654,2882973
3858654,3191676
3858654,3279538
3858654,3379247
3858654,3396792
3858654,3620303
3858654,3687197
3858654,3706341
3858654,3782472
3858655,3062283
3858655,3203480
3858655,3258072
3858655,3308885
3858655,3387655
3858655,3392782
3858655,3435899
3858655,3529666
3858655,3599715
3858655,3757861
3858656,3254714
3858656,3468377
3858656,3469630
3858656,3498379
3858656,3623553
3858656,3739848
3858656,3768560
3858656,3788399
3858656,3811504
3858656,3811505
3858656,3811507
3858657,3511313
3858657,3533470
3858657,3556221
3858657,3581823
3858657,3624018
3858657,3645896
3858657,3656551
3858658,3224506
3858658,3372752
3858658,3592266
3858658,3664422
3858658,3709300
3858658,3710865
3858658,3760881
3858659,2160043
3858659,2580419
3858659,2596414
3858659,3228474
3858660,1018881
3858660,1668157
3858660,2182772
3858660,2569175
3858660,2728183
3858660,2881579
3858660,3589117
3858661,2081536
3858661,3233349
3858661,3327413
3858661,3454109
3858662,2413467
3858662,3007266
3858662,3604517
3858662,3618671
3858663,3487448
3858663,3498637
3858663,3515221
3858663,3677567
3858664,182915
3858664,427346
3858664,592858
3858664,628632
3858664,1035529
3858664,2950771
3858664,2972386
3858664,3006443
3858664,3736989
3858665,3238647
3858665,3375000
3858665,3441092
3858665,3452828
3858665,3498488
3858665,3743266
3858666,1459402
3858666,1605712
3858666,1846817
3858666,2476486
3858666,2955573
3858666,3059618
3858666,3116666
3858666,3191693
3858666,3528345
3858666,3666024
3858666,3685593
3858667,2664273
3858667,2823900
3858667,3011567
3858667,3231029
3858667,3675729
3858667,3750767
3858668,1862991
3858668,1936031
3858668,2095805
3858668,2354428
3858668,3231058
3858669,1479132
3858669,1612889
3858669,1817067
3858669,2754086
3858669,3230740
3858670,2121202
3858670,2687875
3858670,3216513
3858670,3570613
3858670,3572452
3858670,3593812
3858670,3596724
3858670,3666029
3858670,3679009
3858670,3786879
3858670,3791465
3858671,1039909
3858671,3258077
3858671,3268260
3858671,3269470
3858671,3346060
3858671,3356418
3858671,3536150
3858671,3548959
3858672,3137359
3858672,3299976
3858672,3587760
3858673,1928412
3858673,2990026
3858673,3655005
3858674,1825934
3858674,2741731
3858674,2836271
3858674,3202234
3858674,3476201
3858674,3497026
3858674,3628621
3858675,3005562
3858675,3078656
3858675,3369360
3858675,3450224
3858675,3454176
3858675,3461669
3858675,3635365
3858675,3691863
3858675,3734224
3858676,2355608
3858676,2968327
3858676,3182747
3858676,3253947
3858676,3448823
3858676,3630310
3858676,3748799
3858677,2072372
3858677,2138510
3858677,2531139
3858677,2735504
3858677,2940300
3858677,2998860
3858677,3114431
3858677,3117650
3858677,3145800
3858677,3311189
3858677,3491850
3858678,2047443
3858678,2099887
3858678,2150811
3858679,2689016
3858679,2993091
3858679,3022377
3858679,3637938
3858680,2905260
3858680,3285364
3858680,3612783
3858680,3645356
3858680,3767004
3858681,2118276
3858682,2828165
3858682,2889176
3858682,2981366
3858682,3042144
3858682,3045777
3858682,3480111
3858683,3006434
3858683,3078955
3858684,1691976
3858684,2899009
3858684,3092207
3858684,3190393
3858685,2766929
3858685,3049285
3858686,679201
3858686,2153878
3858686,2358666
3858686,2547002
3858686,3140107
3858686,3219367
3858686,3498313
3858687,2597706
3858687,2924876
3858687,3605251
3858687,3605947
3858688,2081248
3858688,2196511
3858688,2764869
3858688,2867111
3858688,2891383
3858688,2970667
3858688,3095945
3858688,3153911
3858688,3191717
3858688,3265357
3858688,3289868
3858688,3351147
3858688,3516512
3858688,3516513
3858688,3614993
3858689,3109517
3858690,1746415
3858690,2723005
3858690,3734241
3858691,1488718
3858691,1590104
3858691,2692663
3858691,3399749
3858691,3732954
3858691,3747713
3858692,2082277
3858692,2386477
3858692,2581941
3858692,2589291
3858692,2711802
3858692,2975598
3858692,3115952
3858693,789782
3858693,2228453
3858693,2698689
3858693,3001650
3858693,3414093
3858694,1972418
3858694,2088430
3858694,3590172
3858695,823522
3858695,2411455
3858695,2998809
3858695,3480120
3858695,3566711
3858696,3348644
3858696,3386523
3858696,3400790
3858696,3437184
3858696,3458018
3858696,3540556
3858697,2172089
3858697,2512438
3858697,2789674
3858697,3170552
3858697,3366097
3858697,3517650
3858697,3690428
3858698,2725964
3858698,3237739
3858699,2966969
3858699,3204732
3858700,2900052
3858700,2965207
3858700,3032144
3858700,3223207
3858700,3618714
3858701,435626
3858701,800450
3858701,2076299
3858701,2622365
3858702,2938618
3858702,3023876
3858702,3168182
3858702,3292530
3858702,3366214
3858702,3378127
3858702,3406625
3858702,3490572
3858702,3554347
3858702,3578129
3858703,3167166
3858703,3300017
3858703,3627096
3858703,3638197
3858703,3670861
3858703,3787884
3858704,1143212
3858704,1564913
3858704,1951517
3858704,2555732
3858704,2766826
3858704,2860758
3858704,2863549
3858704,2884852
3858704,2910164
3858704,3094261
3858704,3208575
3858704,3280957
3858704,3326348
3858704,3429414
3858705,385391
3858705,1130020
3858705,1144742
3858705,1145447
3858705,1153832
3858705,1244946
3858705,1372323
3858705,1833391
3858705,1909141
3858705,1929828
3858705,2029646
3858705,2092852
3858705,2255104
3858705,2590200
3858705,2733656
3858705,2826140
3858705,3143200
3858705,3200740
3858705,3481446
3858705,3486006
3858705,3578136
3858706,1964748
3858706,3225886
3858706,3346087
3858706,3540565
3858706,3547245
3858707,2988234
3858707,3118393
3858707,3356040
3858708,2176485
3858708,2553719
3858708,3165953
3858708,3297130
3858708,3608972
3858709,3198348
3858709,3302803
3858710,3120891
3858710,3417853
3858710,3795301
3858711,1911961
3858711,3754635
3858712,3055481
3858712,3666080
3858713,223904
3858713,885959
3858713,3022588
3858713,3202267
3858713,3278000
3858713,3319773
3858713,3395741
3858713,3513964
3858714,1957224
3858714,3269517
3858714,3726392
3858715,1111752
3858715,2439305
3858715,2891268
3858715,3284828
3858716,1926465
3858716,2838025
3858716,3262545
3858716,3777875
3858717,1823055
3858717,2162089
3858717,2168240
3858717,2502561
3858717,2937742
3858717,3519123
3858718,1355072
3858718,1618561
3858718,1980776
3858718,2219212
3858718,2281902
3858718,2380052
3858718,2813622
3858718,3338542
3858718,3370702
3858719,1232955
3858719,1826596
3858719,2016181
3858719,2242737
3858719,2519706
3858720,1853219
3858720,2319018
3858720,2776083
3858720,2955000
3858720,3009621
3858720,3108733
3858720,3682297
3858720,3708061
3858721,2280442
3858721,3069751
3858721,3256975
3858721,3335852
3858721,3608711
3858721,3650430
3858721,3695414
3858722,1122456
3858722,1346792
3858722,2771214
3858722,3325050
3858723,2895702
3858723,3017152
3858723,3094258
3858723,3541977
3858723,3677436
3858723,3695187
3858723,3720176
3858724,3249926
3858724,3403330
3858724,3492662
3858724,3532970
3858724,3714556
3858725,118433
3858725,944312
3858725,1322313
3858725,1901583
3858725,2161855
3858725,2370455
3858725,2464743
3858725,2767854
3858725,3224594
3858725,3381636
3858726,1156644
3858726,2716485
3858726,2764286
3858726,3040881
3858726,3184058
3858726,3200958
3858727,721424
3858727,1696551
3858727,3067536
3858727,3089269
3858727,3091423
3858727,3497079
3858728,3436113
3858728,3453017
3858728,3493258
3858728,3501193
3858728,3552794
3858728,3762754
3858728,3789998
3858729,1506811
3858729,3568857
3858729,3612296
3858730,2748879
3858730,3087630
3858730,3484004
3858730,3727774
3858731,2780376
3858731,2925186
3858731,3034668
3858731,3400844
3858731,3630392
3858732,2028410
3858732,2251197
3858732,2897949
3858732,3043476
3858732,3283955
3858732,3401808
3858733,1021757
3858733,2713408
3858733,2737997
3858733,3241581
3858733,3376202
3858733,3594847
3858733,3707998
3858734,2933211
3858734,3398976
3858734,3610447
3858735,2799417
3858735,3008596
3858735,3231303
3858735,3235108
3858735,3278218
3858735,3315542
3858735,3319813
3858735,3493135
3858735,3511263
3858735,3630389
3858736,956756
3858736,3165217
3858736,3181707
3858736,3549025
3858736,3743115
3858737,2131291
3858737,2409397
3858737,3418572
3858737,3617865
3858738,2694500
3858738,2793776
3858738,2889064
3858738,3220588
3858738,3253726
3858738,3358864
3858738,3516564
3858738,3519157
3858739,572327
3858739,3128900
3858739,3204835
3858740,3399796
3858740,3729110
3858741,3426931
3858741,3700133
3858741,3744655
3858742,2947432
3858742,3025988
3858742,3462035
3858743,2201205
3858743,2574239
3858743,2888159
3858743,3110411
3858743,3484012
3858744,1178734
3858744,1644892
3858744,3465807
3858744,3489452
3858745,3390806
3858745,3478722
3858746,684995
3858746,936725
3858746,1845470
3858746,2194828
3858746,2623670
3858746,3133660
3858746,3606034
3858747,2566870
3858747,2670871
3858747,2776778
3858747,3245565
3858747,3372832
3858747,3622034
3858747,3659738
3858747,3662914
3858747,3680732
3858747,3700135
3858748,3276616
3858748,3362570
3858748,3378172
3858748,3609263
3858748,3730382
3858749,228598
3858749,569990
3858749,914528
3858749,1223105
3858749,1521398
3858749,1642440
3858749,2482166
3858749,2602584
3858749,2630941
3858749,2808276
3858749,2960714
3858750,1834837
3858750,1862778
3858750,1867994
3858750,2219498
3858750,3047186
3858750,3055536
3858750,3362566
3858750,3374805
3858750,3395695
3858750,3454182
3858751,3047235
3858751,3194262
3858751,3333836
3858751,3580273
3858751,3616960
3858752,2330306
3858752,2590803
3858752,2837063
3858752,2939603
3858752,3042248
3858752,3072285
3858752,3113690
3858752,3464579
3858752,3581814
3858752,3666340
3858752,3688941
3858753,3591037
3858753,3662916
3858754,3441171
3858754,3612341
3858755,1573312
3858755,2217097
3858755,3230844
3858755,3482030
3858756,3065875
3858756,3362565
3858756,3613938
3858756,3651981
3858756,3773207
3858757,1715276
3858757,1726813
3858757,3018001
3858757,3184104
3858757,3219244
3858758,3735897
3858758,3773219
3858759,139973
3858759,2321082
3858759,2403384
3858759,2938239
3858759,3162325
3858759,3208106
3858760,3245588
3858760,3263868
3858760,3306497
3858760,3512682
3858761,1668309
3858761,2123156
3858761,2381649
3858761,2506911
3858761,2692798
3858761,2792255
3858761,3143295
3858761,3366280
3858762,3344959
3858762,3460719
3858762,3662958
3858763,528419
3858763,780832
3858763,1241437
3858763,2509984
3858764,2930513
3858764,2962196
3858764,3122284
3858765,3211338
3858765,3240313
3858765,3268118
3858765,3377000
3858765,3409119
3858765,3580428
3858765,3610482
3858765,3798923
3858766,2365695
3858766,2841313
3858766,3240513
3858767,1365145
3858767,2022342
3858767,2041185
3858767,2540842
3858767,2764199
3858767,2937794
3858767,3726436
3858768,3147895
3858768,3295731
3858768,3445044
3858768,3592369
3858768,3613968
3858768,3726448
3858769,3402865
3858770,2290722
3858770,2777621
3858770,2782969
3858770,3040941
3858771,2968441
3858771,3195783
3858771,3201081
3858771,3231150
3858771,3360168
3858772,532632
3858772,2720341
3858772,3618925
3858773,1881488
3858773,1908584
3858773,2067196
3858773,2904225
3858774,2596860
3858774,2983414
3858774,3109569
3858774,3281030
3858774,3677451
3858775,2712945
3858775,3062563
3858775,3210103
3858775,3240406
3858776,2956717
3858776,3187739
3858776,3666596
3858777,3031118
3858777,3097844
3858777,3556509
3858778,3561659
3858778,3779443
3858779,3147653
3858779,3517844
3858779,3522871
3858780,3009156
3858780,3099837
3858780,3353737
3858780,3496840
3858780,3523489
3858780,3530772
3858780,3543987
3858780,3572572
3858780,3589586
3858780,3651740
3858780,3703981
3858781,3162097
3858781,3198412
3858781,3615049
3858781,3638532
3858781,3762620
3858782,3027560
3858782,3464614
3858782,3741455
3858782,3774293
3858783,2479190
3858783,3601302
3858784,3004581
3858784,3076585
3858784,3407949
3858784,3477627
3858784,3585346
3858785,1890077
3858785,2277725
3858785,2600254
3858785,3172194
3858785,3337944
3858785,3406271
3858786,2183785
3858786,2975931
3858786,3355062
3858786,3453949
3858787,2366602
3858787,2905371
3858787,2972765
3858787,2988260
3858787,3033437
3858787,3184050
3858787,3335935
3858787,3558139
3858787,3574884
3858788,1130811
3858788,1185560
3858788,3048320
3858788,3099382
3858788,3311283
3858788,3773247
3858789,2339304
3858789,2983087
3858789,3339825
3858789,3504475
3858789,3774837
3858790,1677770
3858790,2318278
3858791,1666957
3858791,2863599
3858791,2936945
3858791,3026019
3858791,3043493
3858791,3169692
3858791,3642195
3858792,2723078
3858792,3204987
3858792,3270949
3858792,3319872
3858792,3512780
3858792,3718277
3858793,1129178
3858793,2156253
3858793,3235174
3858793,3682373
3858794,1844917
3858794,1921181
3858794,3254805
3858794,3545468
3858795,3347454
3858795,3468474
3858795,3713775
3858795,3747843
3858796,3326458
3858796,3475128
3858796,3559880
3858796,3679128
3858796,3708110
3858797,1290509
3858797,1883307
3858797,2787190
3858797,3216317
3858797,3611292
3858797,3745314
3858798,509722
3858798,2586058
3858798,3281072
3858798,3785553
3858799,3629857
3858799,3636519
3858799,3748652
3858800,1884442
3858800,2875978
3858800,2881616
3858800,3172602
3858800,3268109
3858800,3292856
3858800,3768731
3858801,2881616
3858801,3268109
3858801,3292856
3858801,3768731
3858802,2468293
3858802,2806358
3858802,2909902
3858802,3259317
3858802,3550371
3858803,760101
3858803,839059
3858803,1465550
3858803,1683411
3858803,1779414
3858804,856835
3858804,1550924
3858804,2579373
3858804,3576293
3858805,3284005
3858805,3378201
3858805,3595477
3858805,3748278
3858806,3125294
3858806,3159348
3858806,3504861
3858806,3780943
3858807,1496326
3858807,1871418
3858807,2755954
3858807,2988284
3858807,3087679
3858807,3129888
3858807,3216882
3858807,3426473
3858807,3608062
3858807,3685734
3858808,926218
3858808,1418245
3858808,2450790
3858808,2483545
3858808,2513523
3858809,3279801
3858809,3510066
3858809,3666184
3858809,3682394
3858809,3790090
3858810,1724689
3858810,3407429
3858810,3688943
3858810,3693829
3858810,3696965
3858810,3744671
3858811,407291
3858811,979734
3858811,3738577
3858812,2683626
3858812,2701412
3858812,3045932
3858812,3754710
3858813,3323650
3858813,3361369
3858813,3589623
3858814,2070959
3858814,3039505
3858814,3335888
3858814,3664645
3858815,949388
3858815,2482180
3858815,3121450
3858815,3349824
3858816,1477162